1, 25379, 470
1, 25A7Q, 998
1, 276A3, 121
1, 28674, 60
1, 2936T, 414
1, 29374, 374
1, 2T456, 365
1, 2T537, 34
1, 2TQK6, 305
1, 2Q456, 473
1, 2K9T4, 138
1, 2A3K7, 350
1, 2A534, 149
1, 3478K, 592
1, 348Q7, 893
1, 34AQK, 116
1, 35496, 674
1, 354Q9, 46
1, 38647, 237
1, 39462, 405
1, 3Q925, 279
1, 3AQ96, 735
1, 42Q5T, 153
1, 45K29, 72
1, 47593, 509
1, 4827K, 195
1, 49286, 896
1, 4T2A5, 63
1, 4K3TQ, 422
1, 4KA9Q, 933
1, 4KAT9, 989
1, 4A27T, 772
1, 4A7TQ, 789
1, 52749, 106
1, 528KQ, 43
1, 52KT4, 586
1, 53A2T, 921
1, 54T68, 521
1, 563TA, 878
1, 57AQ9, 194
1, 5867T, 517
1, 58K94, 355
1, 5T637, 584
1, 5T729, 946
1, 5KA78, 418
1, 62AK3, 519
1, 634T7, 939
1, 642T9, 341
1, 64389, 76
1, 64Q7K, 911
1, 67K23, 749
1, 68K79, 597
1, 692A4, 809
1, 6T372, 902
1, 6Q347, 1000
1, 6KA94, 376
1, 6A3Q5, 369
1, 74T93, 53
1, 769T3, 692
1, 79K5Q, 269
1, 79KA8, 90
1, 7QT64, 652
1, 7KT35, 856
1, 7A5Q6, 223
1, 8325T, 792
1, 83Q49, 65
1, 85947, 402
1, 8793K, 846
1, 8K642, 978
1, 8KAQ5, 323
1, 8A639, 641
1, 93Q27, 713
1, 93KQ4, 371
1, 965K7, 268
1, 97TQ6, 122
1, 97TKA, 588
1, 9T352, 283
1, 9TK6Q, 615
1, 9K8AQ, 729
1, 9A847, 669
1, T267Q, 126
1, T459Q, 786
1, T57AQ, 583
1, T65K3, 315
1, T7382, 440
1, T9Q32, 154
1, TQ384, 537
1, TQ683, 219
1, TQK4A, 679
1, Q385K, 7
1, Q3K42, 147
1, Q5678, 494
1, Q5K74, 579
1, Q6247, 82
1, Q643K, 967
1, Q7K3A, 146
1, Q8463, 259
1, Q89K2, 739
1, Q8T9K, 764
1, QK653, 510
1, K3782, 503
1, K37TQ, 912
1, K4279, 313
1, K4678, 770
1, K527T, 453
1, K54AT, 977
1, K69T4, 1
1, K856Q, 416
1, K9324, 443
1, K9843, 594
1, KT9A3, 969
1, A2386, 37
1, A32T8, 383
1, A3467, 158
1, A3658, 766
1, A3695, 372
1, A59K8, 210
1, A682T, 616
1, A7Q96, 288
1, A8753, 666
1, AQK32, 920
1, AK45Q, 174
1, AK57T, 406
2, J2TK9, 244
2, J38T4, 481
2, J5K4Q, 480
2, J6K3T, 150
2, J76QK, 860
2, J95Q2, 94
2, J974T, 148
2, J9KTA, 776
2, JQ5A4, 754
2, JA43T, 988
2, JA742, 699
2, 234T4, 731
2, 24QQA, 42
2, 24QK4, 958
2, 25J79, 991
2, 2588K, 742
2, 2789J, 954
2, 28Q66, 460
2, 29JQK, 187
2, 2T5KJ, 548
2, 2Q2T6, 489
2, 3J4KT, 513
2, 3JQ84, 587
2, 337Q5, 700
2, 33924, 127
2, 33AKQ, 213
2, 346T3, 869
2, 35J74, 247
2, 35596, 139
2, 36494, 551
2, 365Q6, 667
2, 377A2, 614
2, 3843T, 314
2, 3929K, 499
2, 39964, 301
2, 39KJ7, 814
2, 3T5J8, 396
2, 3Q4AJ, 668
2, 3K78J, 320
2, 3A4KJ, 813
2, 42JA5, 140
2, 436AA, 373
2, 43K77, 347
2, 44TQ6, 972
2, 4634A, 104
2, 4742Q, 788
2, 48568, 41
2, 49A4T, 270
2, 4TT68, 725
2, 4Q486, 327
2, 4Q565, 533
2, 4KK37, 243
2, 4KAK7, 152
2, 4AJ6K, 242
2, 4A92A, 110
2, 4AQQ5, 987
2, 4AKJ8, 322
2, 5JQK7, 949
2, 52JAQ, 209
2, 54582, 787
2, 545Q2, 300
2, 545K8, 673
2, 54K94, 267
2, 55368, 281
2, 5542K, 932
2, 56J42, 864
2, 566K4, 677
2, 5682J, 74
2, 568A8, 561
2, 58328, 166
2, 5847J, 999
2, 592K9, 69
2, 5945Q, 463
2, 59Q8Q, 670
2, 5TT78, 398
2, 5Q3JK, 118
2, 5QKJA, 401
2, 5K2AA, 205
2, 5K43J, 346
2, 5A857, 335
2, 62J5T, 498
2, 64JQ2, 388
2, 667AK, 838
2, 68AKK, 662
2, 695JK, 11
2, 6T4AA, 248
2, 6Q443, 712
2, 6QAJ4, 178
2, 6A882, 952
2, 72J5T, 137
2, 72429, 675
2, 72AAQ, 278
2, 746A6, 446
2, 76K27, 842
2, 77283, 964
2, 77T32, 934
2, 7847A, 246
2, 787QA, 755
2, 78A8Q, 689
2, 7T9QT, 468
2, 7TQJ8, 435
2, 7TA4A, 211
2, 7KK26, 744
2, 8J357, 741
2, 82A2T, 472
2, 8365J, 203
2, 84T8A, 696
2, 8552K, 640
2, 876J2, 637
2, 8826Q, 718
2, 89827, 906
2, 8TJ72, 905
2, 8T4T7, 193
2, 8T548, 889
2, 8T559, 898
2, 8TQQ3, 215
2, 8TQQA, 485
2, 8QQA7, 351
2, 8QKJ4, 570
2, 8QAJ5, 495
2, 9J2AQ, 580
2, 9J3Q5, 957
2, 93259, 918
2, 93522, 672
2, 93K35, 400
2, 95AJ8, 358
2, 97JA8, 837
2, 97335, 18
2, 993Q7, 310
2, 9965T, 961
2, 996Q7, 916
2, 9982A, 774
2, 9Q228, 539
2, 9K962, 538
2, 9AJK6, 617
2, 9A855, 235
2, 9AA63, 240
2, TJ938, 888
2, TJK24, 717
2, T22Q8, 622
2, T269T, 926
2, T2A92, 694
2, T3J29, 454
2, T49J2, 102
2, T659T, 403
2, T6683, 30
2, T69KT, 938
2, T6K8T, 105
2, T82A8, 963
2, T8A55, 491
2, TQJ65, 836
2, TQJK5, 109
2, TQ4QK, 156
2, TQ5QA, 573
2, TQ6Q9, 168
2, TKQ66, 951
2, TA665, 975
2, QJT34, 890
2, Q2T3Q, 816
2, Q2K77, 238
2, Q53K3, 765
2, Q5442, 482
2, Q56JK, 636
2, Q5TQ8, 661
2, Q6J58, 722
2, Q7A9A, 815
2, Q8277, 606
2, Q96AJ, 936
2, QKA6A, 711
2, QAJ26, 806
2, K2238, 736
2, K2788, 648
2, K288T, 68
2, K3882, 750
2, K3A83, 245
2, K6TQT, 336
2, K7567, 514
2, K87QK, 54
2, KQJ95, 112
2, KK792, 420
2, AJ678, 352
2, AJ9T7, 862
2, AJQ49, 87
2, A2Q99, 884
2, A5Q9A, 605
2, A6T2J, 540
2, A6QQ9, 326
2, A864A, 160
2, A8Q3J, 253
2, AQ282, 756
3, 226Q6, 759
3, 226QQ, 948
3, 22T9T, 239
3, 23932, 907
3, 24525, 359
3, 24992, 505
3, 24T42, 311
3, 255Q2, 228
3, 26336, 546
3, 27424, 284
3, 27788, 681
3, 288K2, 820
3, 29772, 331
3, 2Q55Q, 407
3, 2A277, 609
3, 2A2A9, 790
3, 2A626, 113
3, 2AA32, 131
3, 33525, 391
3, 336QQ, 612
3, 34322, 874
3, 34453, 656
3, 36693, 761
3, 38KK8, 260
3, 38AA8, 199
3, 3T388, 361
3, 3QKKQ, 29
3, 3A377, 256
3, 3A4A3, 464
3, 3AA83, 474
3, 43774, 743
3, 43TT3, 275
3, 44228, 655
3, 4545Q, 66
3, 46436, 479
3, 46468, 737
3, 4646Q, 549
3, 4646A, 182
3, 46565, 543
3, 48A4A, 220
3, 4TT48, 851
3, 4Q884, 225
3, 4K4AK, 103
3, 4A99A, 703
3, 4AAQQ, 581
3, 54T45, 303
3, 55474, 325
3, 56622, 32
3, 575A7, 467
3, 5A7A7, 913
3, 5AA99, 768
3, 63223, 981
3, 63553, 437
3, 63K6K, 706
3, 64645, 307
3, 66744, 49
3, 66Q9Q, 653
3, 67K6K, 282
3, 68468, 872
3, 68787, 871
3, 6T6TA, 629
3, 6Q6Q5, 308
3, 72872, 222
3, 7373Q, 644
3, 7557K, 364
3, 75745, 151
3, 77655, 93
3, 77A66, 740
3, 78478, 432
3, 79KK9, 266
3, 7T22T, 62
3, 7T33T, 941
3, 7Q74Q, 915
3, 7K22K, 631
3, 7K57K, 818
3, 7KT7T, 732
3, 7KQ7K, 720
3, 7A72A, 24
3, 83348, 531
3, 88676, 595
3, 88Q99, 619
3, 8KK87, 919
3, 8A84A, 234
3, 8A8A7, 682
3, 8AA66, 186
3, 92279, 356
3, 93693, 535
3, 93TT9, 2
3, 95539, 642
3, 95965, 344
3, 96644, 502
3, 969K6, 685
3, 99QQ7, 375
3, 9QQT9, 500
3, T55QQ, 708
3, T66KT, 348
3, T9T44, 423
3, TKT7K, 292
3, TKK33, 363
3, Q2277, 784
3, Q443Q, 338
3, Q838Q, 935
3, QQ66A, 715
3, QQ727, 85
3, QQT66, 914
3, QKAAK, 684
3, K2727, 360
3, K5588, 876
3, K5K65, 929
3, K64K6, 785
3, K989K, 227
3, K9K94, 250
3, KQK99, 397
3, KK2AA, 747
3, KKQ7Q, 393
3, A288A, 408
3, A2A25, 903
3, A3434, 832
3, A55A3, 299
3, A5A52, 704
3, A6886, 600
3, A8899, 695
3, ATQAQ, 909
3, AK3K3, 875
3, AA565, 272
3, AA8TT, 927
3, AA8QQ, 990
3, AATT5, 802
4, JJA62, 291
4, J2J83, 177
4, J272Q, 286
4, J3J68, 75
4, J32J7, 698
4, J33KT, 841
4, J3KK5, 822
4, J4JA2, 45
4, J45JQ, 133
4, J48Q4, 769
4, J4Q33, 844
4, J554K, 793
4, J5838, 196
4, J6445, 488
4, J6525, 329
4, J667A, 604
4, J6TKJ, 944
4, J6QJT, 526
4, J7547, 613
4, J8834, 865
4, J9QQT, 390
4, J9A92, 44
4, J9AA3, 40
4, JT3T2, 738
4, JT3A3, 455
4, JTKK3, 19
4, JQATQ, 309
4, JK2K7, 901
4, JK3TT, 965
4, JK69K, 843
4, JK988, 970
4, JKQ7Q, 525
4, JKQ8K, 714
4, JKK23, 214
4, JKK8T, 647
4, JA3QA, 804
4, JA8J2, 553
4, JAT5A, 413
4, 2J268, 165
4, 22JK4, 719
4, 2292A, 429
4, 2336J, 134
4, 25575, 197
4, 25666, 516
4, 27JAJ, 324
4, 28J66, 208
4, 299T9, 404
4, 29T2J, 810
4, 2Q2A2, 415
4, 33387, 826
4, 33536, 567
4, 343Q3, 678
4, 34733, 31
4, 35552, 57
4, 373J8, 128
4, 377Q7, 923
4, 38334, 255
4, 38889, 931
4, 3888K, 445
4, 3QAJQ, 342
4, 3K383, 585
4, 4J2J3, 117
4, 4J49A, 798
4, 43J55, 908
4, 44JQA, 945
4, 44548, 180
4, 45494, 560
4, 4666K, 900
4, 48J5J, 701
4, 48644, 450
4, 48838, 181
4, 48886, 136
4, 49997, 258
4, 499A9, 757
4, 4TJJQ, 568
4, 4T3TT, 447
4, 4Q445, 233
4, 4A4J5, 224
4, 5J474, 724
4, 5JK85, 839
4, 53A33, 716
4, 544A4, 501
4, 55568, 707
4, 55584, 835
4, 555AT, 611
4, 55QA5, 559
4, 5676J, 16
4, 57J2J, 683
4, 57773, 190
4, 58JQ5, 780
4, 58575, 646
4, 58988, 47
4, 5A556, 17
4, 5A7AA, 794
4, 6J3T6, 850
4, 6J878, 974
4, 62224, 191
4, 62TTT, 155
4, 646JQ, 828
4, 652J2, 899
4, 662K6, 799
4, 664J3, 782
4, 6646T, 746
4, 666Q4, 873
4, 666Q9, 441
4, 666AK, 660
4, 67669, 727
4, 6TJA6, 115
4, 6T8TT, 428
4, 6Q667, 824
4, 6A333, 691
4, 7JJAQ, 202
4, 7J266, 930
4, 7JTQJ, 67
4, 723J7, 697
4, 73J7T, 534
4, 7399J, 298
4, 744K4, 101
4, 75JA5, 26
4, 775AJ, 868
4, 77752, 797
4, 77769, 880
4, 77847, 462
4, 77957, 302
4, 77974, 563
4, 78772, 663
4, 79Q99, 111
4, 7T9TJ, 433
4, 7Q87J, 10
4, 7QKKJ, 426
4, 7KT77, 986
4, 7ATJ7, 99
4, 8J464, 512
4, 8J8TK, 274
4, 82922, 36
4, 8482J, 688
4, 8487J, 771
4, 85525, 657
4, 85A55, 377
4, 86222, 410
4, 8838T, 781
4, 8858T, 92
4, 88T68, 778
4, 88A83, 665
4, 89K88, 726
4, 8T88Q, 891
4, 8TTJ6, 421
4, 9J3KJ, 524
4, 9J5AA, 141
4, 9J668, 129
4, 9JT92, 486
4, 9JK22, 575
4, 944TJ, 733
4, 9479J, 497
4, 95JJ4, 273
4, 95994, 760
4, 96599, 897
4, 97JQJ, 333
4, 98488, 676
4, 9869J, 84
4, 989T9, 966
4, 99J5Q, 795
4, 99349, 73
4, 99529, 643
4, 9989K, 730
4, 99K92, 384
4, 9T444, 108
4, 9TQQQ, 412
4, 9TAAA, 64
4, 9A4JJ, 262
4, TJ5JA, 61
4, TJ7T8, 554
4, TJA4T, 879
4, T2T7J, 50
4, T2TTK, 263
4, T3J63, 293
4, T3444, 545
4, T4JJ9, 566
4, T4333, 175
4, T5552, 650
4, T8TJQ, 582
4, T8T9T, 442
4, T9JJK, 823
4, T93JJ, 762
4, TTJ7Q, 845
4, TT5T8, 807
4, TT93T, 680
4, TT97T, 425
4, TT9TA, 558
4, TK4KK, 572
4, TK5TT, 56
4, TAJ7T, 132
4, Q2229, 638
4, Q3JQ8, 231
4, Q3332, 265
4, Q4A44, 928
4, Q5888, 574
4, Q58QJ, 808
4, Q5Q2J, 959
4, Q6366, 330
4, Q72J7, 88
4, Q8J84, 830
4, QQ2QT, 411
4, QQ38Q, 885
4, QQ5KQ, 866
4, QQ68Q, 142
4, QQ76Q, 95
4, QQ7TJ, 624
4, QQ9Q7, 992
4, KJ446, 173
4, KJ46K, 892
4, KJ755, 709
4, K2A22, 767
4, K3KJA, 955
4, K44J8, 973
4, K4445, 317
4, K4TJ4, 58
4, K555T, 748
4, K62KK, 277
4, K6KK4, 623
4, K6KAK, 198
4, K9KK6, 564
4, KQ333, 779
4, KK52K, 917
4, KKTJA, 192
4, KKK98, 9
4, KKKT8, 183
4, KKAK8, 943
4, KAK3K, 693
4, KAK4K, 590
4, KAA7J, 206
4, AJ7A8, 312
4, AJ933, 817
4, AJQKK, 937
4, AJK8A, 39
4, A29J2, 877
4, A3323, 4
4, A3T33, 14
4, A3K33, 345
4, A44T4, 496
4, A5355, 430
4, A5AAT, 800
4, AQJQ8, 362
4, AKQAA, 28
4, AA3TA, 687
4, AAT4J, 471
4, AAQA3, 942
4, AAK2A, 994
4, AAKA9, 821
4, AAA35, 475
5, J3399, 849
5, J4334, 529
5, J5995, 980
5, J6363, 625
5, J9A9A, 734
5, JK7K7, 3
5, JA2A2, 550
5, JA55A, 984
5, 22424, 20
5, 22727, 378
5, 22AAA, 387
5, 2626J, 96
5, 29922, 204
5, 2TTT2, 349
5, 2Q2QJ, 562
5, 2K22K, 962
5, 2KK2K, 528
5, 33JAA, 853
5, 33399, 59
5, 333KK, 857
5, 33555, 982
5, 337J7, 261
5, 33T3T, 163
5, 33QJQ, 295
5, 33QQQ, 940
5, 33A3A, 241
5, 34433, 508
5, 3T3TT, 859
5, 4JQ4Q, 827
5, 42442, 831
5, 444TT, 924
5, 4466J, 216
5, 44777, 332
5, 47474, 170
5, 48488, 424
5, 5J885, 848
5, 54544, 976
5, 55599, 686
5, 55999, 803
5, 55TTT, 947
5, 55K5K, 993
5, 57577, 569
5, 5Q5Q5, 207
5, 5QQQ5, 343
5, 5KJK5, 953
5, 5KKK5, 434
5, 5AA55, 723
5, 5AA5A, 458
5, 62262, 659
5, 63336, 27
5, 63636, 419
5, 65J65, 459
5, 66446, 461
5, 666KK, 120
5, 66776, 487
5, 676J7, 996
5, 67677, 541
5, 69966, 143
5, 75557, 773
5, 77JTT, 555
5, 77272, 520
5, 778J8, 354
5, 77878, 577
5, 77979, 25
5, 77AA7, 658
5, 79J79, 83
5, 7T77T, 212
5, 7QQ77, 15
5, 7K7KK, 285
5, 8J228, 745
5, 8JA8A, 171
5, 82228, 895
5, 833J8, 602
5, 83338, 296
5, 86886, 518
5, 88228, 276
5, 88666, 38
5, 88787, 427
5, 88833, 100
5, 888KK, 297
5, 8QQ8Q, 983
5, 9J944, 438
5, 93939, 167
5, 98898, 922
5, 99J22, 671
5, 99292, 530
5, 99696, 51
5, 99898, 399
5, 999TT, 811
5, 99AAA, 493
5, 9Q9JQ, 6
5, 9Q99Q, 188
5, 9QQ9Q, 465
5, T5J5T, 91
5, T55T5, 861
5, TTJ22, 593
5, TTJ33, 639
5, TTJ88, 289
5, TT44J, 89
5, TTT44, 144
5, TTT99, 506
5, TQQQT, 956
5, TATJA, 382
5, TATAT, 395
5, QJTTQ, 229
5, Q33Q3, 185
5, Q6J6Q, 417
5, Q6Q6Q, 522
5, Q8Q88, 476
5, QQQ77, 608
5, QQQKK, 290
5, QQQAA, 164
5, QAAAQ, 664
5, K44KK, 97
5, K999K, 985
5, K99KK, 409
5, KTKTK, 392
5, KQKKQ, 547
5, KK22J, 201
5, KK88J, 236
5, A3AA3, 478
5, A8A8A, 264
6, JJ229, 394
6, JJ848, 55
6, J2AAA, 319
6, J3433, 763
6, J5666, 33
6, J5KKJ, 159
6, J7JKJ, 805
6, J7477, 162
6, J7555, 123
6, J8288, 825
6, J8TTJ, 995
6, J9J89, 321
6, J9929, 452
6, J9939, 304
6, JT8TT, 254
6, JTTJ5, 492
6, JQ4QQ, 436
6, JA5JA, 367
6, 2J228, 172
6, 22J26, 316
6, 22J2T, 654
6, 22223, 705
6, 2223J, 439
6, 2224J, 599
6, 22272, 753
6, 22292, 169
6, 22Q2J, 385
6, 22AJJ, 477
6, 25222, 950
6, 2K222, 758
6, 3J336, 124
6, 3J3AJ, 894
6, 33339, 796
6, 3333A, 79
6, 33373, 536
6, 335J3, 107
6, 33T3J, 23
6, 33K33, 791
6, 34333, 77
6, 37J33, 634
6, 38J88, 176
6, 3TJJ3, 532
6, 3T333, 621
6, 3QQQQ, 448
6, 4JJ4A, 589
6, 42444, 431
6, 444JT, 783
6, 44447, 834
6, 44448, 370
6, 44494, 469
6, 44K44, 135
6, 4644J, 728
6, 4T444, 456
6, 4AAJA, 221
6, 5JJ4J, 710
6, 5JJ45, 226
6, 5J22J, 610
6, 5J5Q5, 280
6, 5J6J5, 368
6, 52555, 601
6, 55J95, 389
6, 55455, 98
6, 55Q55, 340
6, 5KJJ5, 380
6, 5K555, 114
6, 6J66Q, 511
6, 63333, 5
6, 65JJJ, 230
6, 65555, 632
6, 66J86, 125
6, 66366, 515
6, 66466, 490
6, 666J3, 80
6, 666JA, 257
6, 66626, 881
6, 66656, 883
6, 66766, 552
6, 69J99, 217
6, 6T666, 603
6, 6QQQQ, 904
6, 6AJJA, 52
6, 72JJ2, 626
6, 75J77, 71
6, 77J37, 386
6, 77J78, 70
6, 77277, 651
6, 77737, 777
6, 77747, 504
6, 77757, 887
6, 777T7, 381
6, 777Q7, 702
6, 79777, 12
6, 7T7J7, 645
6, 7QQJJ, 544
6, 7KJJK, 565
6, 7KKKK, 598
6, 8J333, 78
6, 83333, 318
6, 86666, 21
6, 88J3J, 854
6, 88288, 635
6, 888J7, 328
6, 88887, 357
6, 88889, 556
6, 888K8, 366
6, 8K88J, 251
6, 8A888, 48
6, 9J979, 218
6, 944J4, 483
6, 95999, 863
6, 98999, 812
6, 99J9A, 968
6, 9989J, 620
6, 9999K, 337
6, 9999A, 306
6, 99T99, 591
6, 9Q999, 527
6, 9QQQQ, 334
6, 9KJ99, 596
6, TJJ7T, 578
6, T3TJT, 35
6, T9TTT, 86
6, TT2TT, 353
6, TTT6J, 249
6, TTT6T, 979
6, TTTT8, 22
6, TTQTT, 557
6, QJ9QQ, 630
6, Q9J99, 649
6, QTJQQ, 833
6, QQJ3Q, 179
6, QQ5QQ, 628
6, QQ7QQ, 751
6, QQQ8Q, 752
6, QQQTQ, 870
6, QQQQ2, 925
6, QAQJQ, 607
6, K5KKJ, 858
6, K6666, 184
6, KTKKJ, 886
6, KQQQQ, 81
6, KK2JJ, 484
6, KK4KJ, 157
6, KKK3K, 633
6, KKK5K, 721
6, KKKK4, 523
6, KKKKQ, 294
6, KKKAK, 232
6, AJ6J6, 444
6, AJA7A, 379
6, A2222, 449
6, A4444, 801
6, A88J8, 451
6, ATAAA, 161
6, AKAAA, 690
6, AAJA6, 507
6, AA9AA, 997
6, AAAJ5, 852
6, AAAQA, 819
7, JJJ8J, 910
7, JJJ99, 542
7, JJ555, 855
7, JJ666, 882
7, J33J3, 339
7, J44J4, 119
7, J8888, 627
7, J999J, 960
7, JTTTT, 8
7, 22J22, 252
7, 3333J, 271
7, 4444J, 840
7, 5J5JJ, 618
7, 555J5, 571
7, 6J666, 971
7, 7J77J, 829
7, 7J777, 867
7, 8J88J, 466
7, 9J999, 189
7, TTTJJ, 145
7, QJQQJ, 847
7, QQJQQ, 775
7, KJJKK, 13
7, KKKKJ, 457
7, AJAJJ, 200
7, AAJAJ, 576
7, AAAAJ, 130
12, JJJJJ, 287
248646187